n13_gow	rfq_ber	shm_war	e38_mer	5t2_abe	6qu_gow	iu2_mer	nyj_har	qdw_gow	0pj_gow	ehd_fre	j8b_fre	4ya_har	9fg_abe
0.010714781	0.009187377	0.010690868	0.007486295	0.008926842	0.013937802	0.009782097	0.012129322	0.009667887	0.011148853	0.010304521	0.014800305	0.005291117	0.009118528
0.012122931	0.012729058	0.012187983	0.012344121	0.009075229	0.007243644	0.014064196	0.009681616	0.004910189	0.012700641	0.012418993	0.014284013	0.007784789	0.011014103
0.008678651	0.010899431	0.011442017	0.008992368	0.009093566	0.007545444	0.012611909	0.010005360	0.009948441	0.003657563	0.009438535	0.008918459	0.003259124	0.006998856
0.009344824	0.013009394	0.010274716	0.009849763	0.006244755	0.011624279	0.008001329	0.011903391	0.008544783	0.007719808	0.014371189	0.010301490	0.003005994	0.010738066
0.004209878	0.009908876	0.010970348	0.007544853	0.011031907	0.008333951	0.009189271	0.009053748	0.008822302	0.008667705	0.011103645	0.011160169	0.005670188	0.007052527
0.007385190	0.011297235	0.010132296	0.007300930	0.008313822	0.008452478	0.006821433	0.002962428	0.005887082	0.005449665	0.009090220	0.006617068	0.000570781	0.007225213
0.009037793	0.011886953	0.012155063	0.010052713	0.010393350	0.013591696	0.010395378	0.011276417	0.009818315	0.010552984	0.011930637	0.011895613	0.000456843	0.012655998
0.011917037	0.011110459	0.009248488	0.011487868	0.009611762	0.009154071	0.011248282	0.007336108	0.009699415	0.005127827	0.008167612	0.011851243	0.000453155	0.010010891
0.009116150	0.014860092	0.011017121	0.007544853	0.006530193	0.009023357	0.006346371	0.010193268	0.005047819	0.008831570	0.012305955	0.010512713	0.000480436	0.012048335
0.003070367	0.008947455	0.009433340	0.006031055	0.008807647	0.006078110	0.007314765	0.006363673	0.008018463	0.002795820	0.010391043	0.009299387	0.000430898	0.006440516
0.005009300	0.008857226	0.009086402	0.006882227	0.006265818	0.004415506	0.004999214	0.001596684	0.004981450	0.006556257	0.007757512	0.008194647	0.000169971	0.003142070
0.004307349	0.010472953	0.009197833	0.008061025	0.006938463	0.005091119	0.000243724	0.008228942	0.008331459	0.005640780	0.005339725	0.008229287	0.000235767	0.006487166
0.008860705	0.008071031	0.007700666	0.006495744	0.011114696	0.006203082	0.000359509	0.003803443	0.013318714	0.005373441	0.010764507	0.012279073	0.000273529	0.001576188
0.006024971	0.010246812	0.006931616	0.004194041	0.006876211	0.007295942	0.002752722	0.003360328	0.002833458	0.003340856	0.009557183	0.009837651	0.006666274	0.009278898
0.005626142	0.001652883	0.007937320	0.002274134	0.008665878	0.010662028	0.011660746	0.009669290	0.000861808	0.007347878	0.007164386	0.008971533	0.009719147	0.009028235
0.007884162	0.000378089	0.009353339	0.008809905	0.008914790	0.010037528	0.003086593	0.007449012	0.005924272	0.008295146	0.009046745	0.011047683	0.009564139	0.007784248
0.000189446	0.008172754	0.009387160	0.003874921	0.006768292	0.004484032	0.007434044	0.003735098	0.006874608	0.005101811	0.008436661	0.007523035	0.005187036	0.004872419
0.006350920	0.010502932	0.008254101	0.002118167	0.006845681	0.005595597	0.001870087	0.010553783	0.006210774	0.008027525	0.004468057	0.005702616	0.008921643	0.005133585
0.011916223	0.001328265	0.009001647	0.007412298	0.009435064	0.009281136	0.000193438	0.000240154	0.006531570	0.005386521	0.000180640	0.004100405	0.011502126	0.008873760
0.003965813	0.006787031	0.008405029	0.002508928	0.007837485	0.007919532	0.000181128	0.007084460	0.007860526	0.007779635	0.000279646	0.009806158	0.002963011	0.004633632
0.005354481	0.007858480	0.007375466	0.005764668	0.007808187	0.003954966	0.005396081	0.003847234	0.003003966	0.006243248	0.000155621	0.007420955	0.008029475	0.006468106
0.006794214	0.010245248	0.006456790	0.008163504	0.006132192	0.002548039	0.006070305	0.006506581	0.003561170	0.006776033	0.000161358	0.005289095	0.007750421	0.004614187
0.003659849	0.007592458	0.007480796	0.007343410	0.008871774	0.004233443	0.007288835	0.004509523	0.000531241	0.003313236	0.000125064	0.005136874	0.008211643	0.005591873
0.008113268	0.008481664	0.006130932	0.007906486	0.004933422	0.007446595	0.003590620	0.008416213	0.008028676	0.001792166	0.000168117	0.005018940	0.005716717	0.007450594
0.008359488	0.005229488	0.006791458	0.007383004	0.008679605	0.007934808	0.006230804	0.003590957	0.008365234	0.007374785	0.000257121	0.002434449	0.009836017	0.007094896
0.010365349	0.009139322	0.005145400	0.006843147	0.009743996	0.006602309	0.005800595	0.006001394	0.008973190	0.007347267	0.000182507	0.001902084	0.004976431	0.009360432
0.007136240	0.007400894	0.008347892	0.008282610	0.002676602	0.008062130	0.008399557	0.003380372	0.005998195	0.004537100	0.000162200	0.006670213	0.005859227	0.004124244
0.006356300	0.006630983	0.006617119	0.005767316	0.002379053	0.007359523	0.007018272	0.005833423	0.008932220	0.007736890	0.000117162	0.008160038	0.009867812	0.005173746
0.000124196	0.000269154	0.004280712	0.006901004	0.005265169	0.002459834	0.006145222	0.005695944	0.005824380	0.008282897	0.002995184	0.006001850	0.002615094	0.004226372
0.000819829	0.003876908	0.008231824	0.004640320	0.008542059	0.007736161	0.003671149	0.008073487	0.008606503	0.007460854	0.006849023	0.007854569	0.001309496	0.004255031
0.007554643	0.007074156	0.007257885	0.002099730	0.006602150	0.006284629	0.006640722	0.002167964	0.006688899	0.004107202	0.006273024	0.007954619	0.008359773	0.004663673
0.003470107	0.006553669	0.008672708	0.003994812	0.003757423	0.003609052	0.007459742	0.006843232	0.003200579	0.003318361	0.009540432	0.006556725	0.002215654	0.002752053
0.009137974	0.008081434	0.008526129	0.000261427	0.005908700	0.004557477	0.003818603	0.007182797	0.005377591	0.008152493	0.005729724	0.009434741	0.000907137	0.008839887
0.006825065	0.009614129	0.007806165	0.003019954	0.008163998	0.003535436	0.008084164	0.003303490	0.008203948	0.006008777	0.003703164	0.007091428	0.003752814	0.007104888
0.007278617	0.004155380	0.009836174	0.004903103	0.002468350	0.003233737	0.003578487	0.005120547	0.002833635	0.007156077	0.008888999	0.005051145	0.005141443	0.003723676
0.006399963	0.007228551	0.007639616	0.004071456	0.008100474	0.006179144	0.005170079	0.005731090	0.006145389	0.007870900	0.008482630	0.008603519	0.007998003	0.003424763
0.005168690	0.005174523	0.008382956	0.004513660	0.007265808	0.007529944	0.004869201	0.007660878	0.005925483	0.004594957	0.006889571	0.003379828	0.003929743	0.004913755
0.007636665	0.008975932	0.005126929	0.004001389	0.006274893	0.002511280	0.005474054	0.005096244	0.007488960	0.007629663	0.005054436	0.000169734	0.008618942	0.002328065
0.002026928	0.009134061	0.004719761	0.004695705	0.004811977	0.001019399	0.002007419	0.005315892	0.001743616	0.005563608	0.004962877	0.000185060	0.005583561	0.001027013
0.005264586	0.005338409	0.004790139	0.005831952	0.004308257	0.005968671	0.000976270	0.008442404	0.002090634	0.001918354	0.004286273	0.000191230	0.005391624	0.005558947
0.007740062	0.008652007	0.007742781	0.005218048	0.003309930	0.009733743	0.009778813	0.004665805	0.007478843	0.007114369	0.010217477	0.000240921	0.007000462	0.005050038
0.002502312	0.008971212	0.006924568	0.003999639	0.000740732	0.006173386	0.003084940	0.005400413	0.007720233	0.005174419	0.006251871	0.000206070	0.008268619	0.007425405
0.008303697	0.009657101	0.007709972	0.006737104	0.005383243	0.009857636	0.003203466	0.007590415	0.000296565	0.001059181	0.006077121	0.000232550	0.006318396	0.004221081
0.007040988	0.007129830	0.008867231	0.006113692	0.004915930	0.007219185	0.006663427	0.006192709	0.003645321	0.002227913	0.003793736	0.000169101	0.004483303	0.001437467
0.008885554	0.004378833	0.007467281	0.005598993	0.010517022	0.008017048	0.005447830	0.006527025	0.002264484	0.009820967	0.008614784	0.000440267	0.001412207	0.000264294
0.002681884	0.002821132	0.007312195	0.004726404	0.005230446	0.003422616	0.002775213	0.001666103	0.009651351	0.008557614	0.006819139	0.003492736	0.000155070	0.003434579
0.000783845	0.000781807	0.005376828	0.004110396	0.008381860	0.002633568	0.006089251	0.007242108	0.005002517	0.006606108	0.008659827	0.007771955	0.002113037	0.002783335
0.007102208	0.000173357	0.008531162	0.000314394	0.002177963	0.000250313	0.000398227	0.004917477	0.004365829	0.003886332	0.007569516	0.003654578	0.003778300	0.006005710
0.002429685	0.000190971	0.009009856	0.008623449	0.004934264	0.005673924	0.000341770	0.000300168	0.003773905	0.006921692	0.011001470	0.000070725	0.005474992	0.009042712
0.008251911	0.000098591	0.010556777	0.007651348	0.001836412	0.002883926	0.000210281	0.000156462	0.007137724	0.005767526	0.007804228	0.009895537	0.007807779	0.008688870
0.005626896	0.006923638	0.005429646	0.002793072	0.005371892	0.004854763	0.007868580	0.001740915	0.009197930	0.007084660	0.006243917	0.008643735	0.007218630	0.008006807
0.002356253	0.004145327	0.007301954	0.002972819	0.002041038	0.002865163	0.007705138	0.006624007	0.003016922	0.003917159	0.004598259	0.007582057	0.003857587	0.004179578
0.006377380	0.006333177	0.008066781	0.007771706	0.004364272	0.004284425	0.006885632	0.006388135	0.008032147	0.000841791	0.006020979	0.003376759	0.002966922	0.006055403
0.007145947	0.007394824	0.005087611	0.000142637	0.010386985	0.005327950	0.006586309	0.004263502	0.009691012	0.006497199	0.004207866	0.006368437	0.004905719	0.007093022
0.002929883	0.004672422	0.000192090	0.004387046	0.007662653	0.003764060	0.004813899	0.002152518	0.003447070	0.006801726	0.007324578	0.005010507	0.001402217	0.004824399
0.003863832	0.007322088	0.000191547	0.005360036	0.007601534	0.006763516	0.006089487	0.008283102	0.006067477	0.006548604	0.006351387	0.006434801	0.007473937	0.005002808
0.004849847	0.004998115	0.004895531	0.006564169	0.000853193	0.000110354	0.004131575	0.005516132	0.002661086	0.003280911	0.007014720	0.006826440	0.006260159	0.004417218
0.000165123	0.007322280	0.005221633	0.000522729	0.007024162	0.000195400	0.005795978	0.006074841	0.008733742	0.007690968	0.003729272	0.000327893	0.007539703	0.004372174
0.005793966	0.008878129	0.007333244	0.007687766	0.005001375	0.002871720	0.004641799	0.006025726	0.004310139	0.005887653	0.006294665	0.000188900	0.005335359	0.004318585
0.006927091	0.009041046	0.006934383	0.005257023	0.006398883	0.007709790	0.006674870	0.006483403	0.004661111	0.004695756	0.000207229	0.000822740	0.005932639	0.007177513
0.006152656	0.005525936	0.004937375	0.007031463	0.005101166	0.007449336	0.006630341	0.006887489	0.006017936	0.007744269	0.004671028	0.008173215	0.005764604	0.004800380
0.000155424	0.006093192	0.007833333	0.007109775	0.006700342	0.001795913	0.004189930	0.004745057	0.005000956	0.005581167	0.008562437	0.007726844	0.007849350	0.006288015
0.000200408	0.006279175	0.006453612	0.004940012	0.007458936	0.004357488	0.006373979	0.004877873	0.007902079	0.008258253	0.007114666	0.006900565	0.008155017	0.009283036
0.004672280	0.008269696	0.007400377	0.004756674	0.005781752	0.005275195	0.004617779	0.004991524	0.005404530	0.006962685	0.005195761	0.007618589	0.006859353	0.000137736
0.005568927	0.007545531	0.005088427	0.003439045	0.003858743	0.004851162	0.006406283	0.001751952	0.003770530	0.004376578	0.007421226	0.005524371	0.006714087	0.000177747
0.006644381	0.005499081	0.008590960	0.005811861	0.006006147	0.005308875	0.005134840	0.000726293	0.005554770	0.002086424	0.006379326	0.006694310	0.004522737	0.000291527
0.004454136	0.005698939	0.007794339	0.003715531	0.005760028	0.009766364	0.009134192	0.005328264	0.001925861	0.004773223	0.007054628	0.006651775	0.007356699	0.000230419
0.003441637	0.007240629	0.008627349	0.007499014	0.003635922	0.007617521	0.000183053	0.005309080	0.003988639	0.005388764	0.009392713	0.003384222	0.003797992	0.004473733
0.007873118	0.007766286	0.006920375	0.007831162	0.005915022	0.005876444	0.002581270	0.002565289	0.006513927	0.003879346	0.005939275	0.008007886	0.006208541	0.008149286
0.006369066	0.009627745	0.005948132	0.004287956	0.007033947	0.002717516	0.002442196	0.004212454	0.007426532	0.008920132	0.006255962	0.007270762	0.007883910	0.007622163
0.005914119	0.005476805	0.005832279	0.000224021	0.005697387	0.006842821	0.005763745	0.005708760	0.005207661	0.007674586	0.008612196	0.006915089	0.006080841	0.004524931
0.001699746	0.006135997	0.005592929	0.002666742	0.001693091	0.007316807	0.000185749	0.007401475	0.002430474	0.006719423	0.006671799	0.005208907	0.001964681	0.004756666
0.004543988	0.006880492	0.008542617	0.006598290	0.003155217	0.002810887	0.005673037	0.006121050	0.006431103	0.006129632	0.007525833	0.005725952	0.007642664	0.006440744
0.007989638	0.006779742	0.008509235	0.009192213	0.005781629	0.005252832	0.004450468	0.004445099	0.006685586	0.008150366	0.006933094	0.007101331	0.006424082	0.005875791
0.008398230	0.006840465	0.005346241	0.003729419	0.006634566	0.001922165	0.000869662	0.005778846	0.008666846	0.009519566	0.007310021	0.008321008	0.008992078	0.009225477
0.009071706	0.005508340	0.004639725	0.002409086	0.000684760	0.005105405	0.005425004	0.003382193	0.006477432	0.009589117	0.002571946	0.007994813	0.008738527	0.008173110
0.004353620	0.006735400	0.003283170	0.005331124	0.006265926	0.000682127	0.003942500	0.004217029	0.003662411	0.004022121	0.006906813	0.006152991	0.006752901	0.007788758
0.003950474	0.008857817	0.008907824	0.006653478	0.003909885	0.001435920	0.003821817	0.000241951	0.002456811	0.003754875	0.006779611	0.006291289	0.003365924	0.005224645
0.007772773	0.006785813	0.005501912	0.004524900	0.004409610	0.001448450	0.002977090	0.000177808	0.005400191	0.003599242	0.005845127	0.008056900	0.004969973	0.007278303
0.002922523	0.007750786	0.005840070	0.005808307	0.005785462	0.004699072	0.004724973	0.005785017	0.007112688	0.000566012	0.007233137	0.007265005	0.000244780	0.006588560
0.002622925	0.008806030	0.007441761	0.006371685	0.003573126	0.003655868	0.004548434	0.005619051	0.001197331	0.000373715	0.008484759	0.004341254	0.000213931	0.004897499
0.004074678	0.005944028	0.004434262	0.005297217	0.002082289	0.004234541	0.005026245	0.003516606	0.000291593	0.002303864	0.005172229	0.007126236	0.005066691	0.004580253
0.001281140	0.006590263	0.007223360	0.003404696	0.003527389	0.005301186	0.006867505	0.006309714	0.005978505	0.001543650	0.006674844	0.004496897	0.004302598	0.001689231
0.000178345	0.005255213	0.007959729	0.008072679	0.003517261	0.008255893	0.008037762	0.007276800	0.005040769	0.003227468	0.006826650	0.002904010	0.007497207	0.004525949
0.003266569	0.007885636	0.007494074	0.002285810	0.007143917	0.007766820	0.003598985	0.007609439	0.005947353	0.002514278	0.008596599	0.007835720	0.005324990	0.006557811
0.007741382	0.000192838	0.007000824	0.004889052	0.007369517	0.005682294	0.006433703	0.003654776	0.007253191	0.004986153	0.008951227	0.007774268	0.008340713	0.003348463
0.008578928	0.005629412	0.009558676	0.001267672	0.008841695	0.005914848	0.009143901	0.004301836	0.003411729	0.008785681	0.006009191	0.007686665	0.007384246	0.006226429
0.005572482	0.007965392	0.006095868	0.007120497	0.008664879	0.006960439	0.006039109	0.006089535	0.004255246	0.003850520	0.005486815	0.009361197	0.004138061	0.006120584
0.008252335	0.010464535	0.007334861	0.007453485	0.003231324	0.005824086	0.006089426	0.006622044	0.003097762	0.006608157	0.006553544	0.006104363	0.003474491	0.000237709
0.007147124	0.008020958	0.005779515	0.005104696	0.007868281	0.008060010	0.006678014	0.006248541	0.006598574	0.004607878	0.006800381	0.007098710	0.007014409	0.002162231
0.005021107	0.008373858	0.004465849	0.009606114	0.008613653	0.009615471	0.005780319	0.010653764	0.008172966	0.005624939	0.008624806	0.007179548	0.003167448	0.008061492
0.007149293	0.009578991	0.004592516	0.007238488	0.002217687	0.010122462	0.005681320	0.007955497	0.006474978	0.005801618	0.009742604	0.004246619	0.005033173	0.005344041
0.007795527	0.011844168	0.005758030	0.007404875	0.002607723	0.001855970	0.004740817	0.005556156	0.003469992	0.001633847	0.010412260	0.009093804	0.007800966	0.008745060
0.007821015	0.014003340	0.002086216	0.006346736	0.000241080	0.005635629	0.008159822	0.004722690	0.003352199	0.007207585	0.008947618	0.008946275	0.008363532	0.010691599
0.009624932	0.011362803	0.005943120	0.008022203	0.000963756	0.009050448	0.006484455	0.007771932	0.002663124	0.008587554	0.008204548	0.008814377	0.012160598	0.007986646
0.004990756	0.012920122	0.009457779	0.005644025	0.002990031	0.011529679	0.010567248	0.007178936	0.007636684	0.009928921	0.008728239	0.008232244	0.007702600	0.006189877
0.010195138	0.011222391	0.008388918	0.012269362	0.007096343	0.009139219	0.006945840	0.008584172	0.008297045	0.003875239	0.011221590	0.008326682	0.009134192	0.005391293
0.010449621	0.007722242	0.005736729	0.006386197	0.006028294	0.006007633	0.011645937	0.005620325	0.009849282	0.007933766	0.014762154	0.002600996	0.002988752	0.010243841
0.010875758	0.006484379	0.011061017	0.005323386	0.009156211	0.008254958	0.007782622	0.005318691	0.010496884	0.010729755	0.002537401	0.000243603	0.007310360	0.009713026
0.008305208	0.012134431	0.012009584	0.004959239	0.007388630	0.009368625	0.005580705	0.006711614	0.008820030	0.011361166	0.000320803	0.000253634	0.009629653	0.006633216
0.008397882	0.008832115	0.008765603	0.006665614	0.007469719	0.006550126	0.004729267	0.008181325	0.014117785	0.010622524	0.000593576	0.000300098	0.010704193	0.009835653
0.002280292	0.010487084	0.011911569	0.006389883	0.008920158	0.006459710	0.005665123	0.007917324	0.007150743	0.006637950	0.006949345	0.009151806	0.011933038	0.003459375
0.007867754	0.009165741	0.007100483	0.009910126	0.003647558	0.009353901	0.009324995	0.007382678	0.006093548	0.007691977	0.008467470	0.010359633	0.008539519	0.008130740
0.006769947	0.008858428	0.009697087	0.009388852	0.012490367	0.008690745	0.010683302	0.010245930	0.007598492	0.006684710	0.011530645	0.007194802	0.007137491	0.004595637
0.007579761	0.005198178	0.011079572	0.012984437	0.007237153	0.007085610	0.001697310	0.006451891	0.009980199	0.002149339	0.012665137	0.010920253	0.007675425	0.003372947
0.006338669	0.005095812	0.011773798	0.006900844	0.009659665	0.009229172	0.001941817	0.009208381	0.007547722	0.004209431	0.011770189	0.009677538	0.006453400	0.007827605
0.011288298		0.012127742	0.009938463	0.008198173	0.004832371	0.010871006	0.007381647	0.008343642	0.013780336	0.009794656	0.013833223	0.007671105	0.009341855
0.009206793		0.010232829	0.004699583	0.011702550	0.005660246	0.007293677	0.008373735	0.010970522	0.003771413	0.005847941	0.013233261	0.005185111	0.002256227
0.008673317		0.010178935	0.006526545	0.005598853	0.003148193	0.005536566	0.005485511	0.005918312	0.009376980	0.000438929	0.008321242	0.004980801	0.006880613
0.008656215		0.005836118	0.005751288	0.005331977			0.002830943	0.010487305	0.001388002	0.000819453	0.009377642	0.008759931	0.007777835
0.008737325		0.005422886	0.003346134	0.004977037				0.007142687	0.004456817		0.000333721	0.006634327	0.009910563
0.003227086				0.007190767				0.006973888	0.007807912		0.000792269	0.008740940	0.004142711
				0.005145992				0.005387379	0.005949090		0.000355051	0.005973717	0.005079303
									0.004669369				

